[{
	"identifier": "DE-BY-A-W083-20200828-000",
	"sender": "DE-BY-A-W083",
	"sent": "2020-08-28T11:00:08+02:00",
	"status": "Actual",
	"msgType": "Alert",
	"scope": "Public",
	"code": ["1.0", "nina"],
	"references": "DE-BY-A-W083-20200317-000 DE-BY-A-W083-20191213-000 DE-BY-A-W083,DE-BY-A-W083-20200317-000 DE-BY-A-W083-20191213-000 DE-BY-A-W083-20190821-000,2019-08-21T00:00:00+00:00",
	"info": [{
		"language": "DE",
		"category": ["Health", "Other"],
		"event": "Gefahreninformation",
		"urgency": "Immediate",
		"severity": "Minor",
		"certainty": "Observed",
		"eventCode": [{
			"valueName": "profile:DE-BBK-EVENTCODE:01.00R",
			"value": "BBK-EVC-045"
		}],
		"headline": "Vorübergehende Änderung der Trinkwasserqualität: Chlorung besteht weiterhin",
		"description": "Die Chlorung besteht weiterhin.",
		"instruction": "Informieren Sie sich in den Medien, zum Beispiel im Lokalradio.<br/>Das Wasser muss nicht mehr abgekocht werden.",
		"web": "www.gersthofen.de",
		"contact": "Bei Rückfragen können sich Bürgerinnen und Bürger an die Stadtwerke Gersthofen oder die Stadt Gersthofen wenden.<br/>0821/2491-0 -  0821/2491-0",
		"parameter": [{
			"valueName": "instructionText",
			"value": "Das Wasser muss nicht mehr abgekocht werden."
		}, {
			"valueName": "instructionCode",
			"value": "BBK-ISC-009 shortCode:BBK-ISC-011"
		}, {
			"valueName": "sender_langname",
			"value": "Integrierte Leitstelle Augsburg"
		}, {
			"valueName": "sender_signature",
			"value": "Stadt Augsburg Amt für Brand- und Katastrophenschutz; Integrierte Leitstelle\nBerliner Allee 30\n86153 Augsburg"
		}],
		"area": [{
			"areaDesc": "Gemeinde/Stadt: Stadt Gersthofen, Gemeinde Gablingen",
			"polygon": ["10.771,48.4794 10.773,48.4781 10.7749,48.4786 10.7764,48.4786 10.7779,48.4781 10.7795,48.4777 10.7813,48.4778 10.7832,48.4776 10.7832,48.4771 10.7837,48.4762 10.7843,48.4756 10.7848,48.4753 10.7858,48.4745 10.7862,48.4738 10.7859,48.4727 10.7866,48.4722 10.7882,48.4727 10.7903,48.4728 10.7916,48.4725 10.7943,48.4723 10.7955,48.4721 10.798,48.4724 10.7992,48.473 10.8008,48.4732 10.8052,48.4734 10.8062,48.4735 10.8089,48.4729 10.8115,48.4724 10.8154,48.4723 10.8147,48.4738 10.8155,48.4738 10.8184,48.4738 10.8184,48.4757 10.8219,48.4759 10.8223,48.4752 10.8225,48.4744 10.8222,48.4735 10.8216,48.4727 10.8212,48.4719 10.8214,48.4707 10.8219,48.47 10.8239,48.4706 10.8256,48.4709 10.8264,48.47 10.8278,48.4704 10.8294,48.4694 10.8317,48.4698 10.8347,48.4698 10.8376,48.4698 10.8443,48.4694 10.8446,48.4699 10.8481,48.4699 10.8484,48.4684 10.8495,48.4685 10.8506,48.4685 10.851,48.4672 10.8563,48.4674 10.8578,48.468 10.8579,48.4674 10.8592,48.4674 10.8597,48.4625 10.8608,48.4623 10.861,48.4612 10.861,48.4601 10.8609,48.4591 10.8668,48.4591 10.8668,48.4587 10.8666,48.4575 10.8685,48.4574 10.8688,48.4565 10.8688,48.4556 10.8683,48.455 10.8674,48.454 10.8669,48.4525 10.8665,48.4494 10.8655,48.4478 10.8652,48.4467 10.8614,48.4466 10.8619,48.4437 10.8621,48.4423 10.8579,48.4453 10.8573,48.4457 10.8564,48.446 10.8566,48.4449 10.8571,48.4428 10.855,48.4428 10.8553,48.4419 10.8527,48.4419 10.8539,48.438 10.8462,48.4379 10.8467,48.437 10.8437,48.4369 10.843,48.4371 10.8408,48.437 10.8381,48.4363 10.8386,48.4359 10.8395,48.4357 10.8404,48.4349 10.8378,48.435 10.8356,48.4352 10.8339,48.4348 10.8318,48.4343 10.8304,48.4343 10.8301,48.437 10.8286,48.437 10.8291,48.4383 10.8269,48.4387 10.8266,48.4394 10.828,48.4423 10.829,48.4437 10.8266,48.4439 10.8249,48.444 10.8235,48.4426 10.8219,48.4426 10.8217,48.4419 10.8218,48.4413 10.822,48.4406 10.8196,48.4404 10.8189,48.4388 10.8184,48.4379 10.8167,48.4371 10.8142,48.4376 10.8145,48.4369 10.813,48.4372 10.8095,48.4363 10.8084,48.4358 10.8063,48.4355 10.8043,48.4351 10.8029,48.4349 10.8027,48.4341 10.8012,48.4345 10.8,48.4327 10.8004,48.432 10.7984,48.4331 10.7969,48.4326 10.7951,48.4335 10.7957,48.4346 10.7972,48.4343 10.7961,48.4357 10.7964,48.4363 10.7978,48.437 10.7983,48.4386 10.7979,48.4392 10.7957,48.4395 10.7911,48.4398 10.7897,48.4397 10.788,48.4396 10.788,48.4401 10.7859,48.4403 10.7854,48.441 10.7872,48.4417 10.7869,48.4423 10.7894,48.4433 10.7898,48.4426 10.7901,48.4436 10.7912,48.4448 10.7921,48.4458 10.7836,48.448 10.7799,48.448 10.7767,48.4486 10.7746,48.4483 10.7734,48.4482 10.7732,48.4492 10.7737,48.4495 10.772,48.4497 10.7696,48.45 10.7682,48.4506 10.7646,48.4505 10.7644,48.4512 10.7654,48.4525 10.7665,48.4533 10.7675,48.4537 10.7673,48.4542 10.7674,48.4549 10.7672,48.4566 10.7675,48.458 10.7669,48.4592 10.766,48.4602 10.7654,48.4608 10.7658,48.4615 10.767,48.4617 10.766,48.4627 10.7645,48.464 10.7634,48.4648 10.7627,48.4658 10.7621,48.4668 10.7596,48.4685 10.7569,48.4698 10.754,48.471 10.7527,48.4721 10.7512,48.4729 10.7522,48.4743 10.7537,48.4749 10.756,48.4773 10.7568,48.4767 10.7579,48.4771 10.7588,48.477 10.7601,48.4757 10.7614,48.4756 10.7621,48.4758 10.7633,48.4767 10.7648,48.477 10.7664,48.4774 10.7678,48.4776 10.7684,48.4783 10.7694,48.4786 10.7702,48.4794 10.771,48.4794", "10.8841,48.4584 10.8843,48.4576 10.8852,48.4541 10.8859,48.4512 10.8865,48.449 10.8876,48.4443 10.8899,48.4346 10.89,48.4337 10.8902,48.4326 10.8902,48.431 10.8901,48.428 10.8892,48.419 10.889,48.4168 10.8888,48.4136 10.8887,48.4127 10.8849,48.4129 10.8846,48.412 10.8847,48.4095 10.8839,48.4085 10.8822,48.4079 10.8792,48.407 10.8777,48.4071 10.8774,48.4064 10.8762,48.4066 10.8736,48.4065 10.8719,48.4052 10.8703,48.4039 10.8701,48.4051 10.8693,48.405 10.8674,48.4048 10.8668,48.4063 10.8643,48.4061 10.8637,48.4081 10.8596,48.4077 10.8571,48.41 10.8559,48.4121 10.8549,48.4129 10.8539,48.4141 10.8492,48.4146 10.8415,48.4152 10.8379,48.4155 10.8296,48.4163 10.8261,48.4166 10.8248,48.4168 10.8214,48.417 10.8202,48.4165 10.8157,48.4171 10.8142,48.4173 10.8141,48.4178 10.8115,48.4175 10.809,48.4177 10.808,48.4181 10.8049,48.4183 10.8042,48.4177 10.8027,48.4182 10.8005,48.4184 10.798,48.4185 10.7942,48.4185 10.7913,48.4185 10.7886,48.4184 10.7878,48.4184 10.7862,48.4184 10.7842,48.4185 10.7815,48.4184 10.7788,48.4182 10.7766,48.4177 10.7691,48.4172 10.7693,48.4167 10.7663,48.4164 10.7617,48.4165 10.7605,48.4159 10.7592,48.4154 10.7584,48.4152 10.7579,48.4147 10.7565,48.4141 10.7551,48.4137 10.7544,48.4141 10.7544,48.4155 10.7543,48.4164 10.7403,48.4157 10.7401,48.4173 10.7399,48.4189 10.743,48.419 10.7422,48.4198 10.7398,48.4206 10.7383,48.4225 10.7376,48.4227 10.7374,48.4238 10.7379,48.4244 10.7415,48.4255 10.7419,48.425 10.7437,48.4248 10.7446,48.4245 10.7453,48.4247 10.7458,48.4254 10.7458,48.4263 10.7455,48.4275 10.7449,48.4273 10.7444,48.4288 10.7447,48.4306 10.7461,48.4311 10.7482,48.4309 10.7493,48.4309 10.7511,48.43 10.7525,48.4295 10.7528,48.4309 10.7516,48.4311 10.7505,48.4316 10.7497,48.4322 10.7489,48.4331 10.7482,48.4335 10.7474,48.4334 10.746,48.4329 10.7456,48.4347 10.7449,48.4346 10.7442,48.4349 10.7436,48.4352 10.743,48.4356 10.7423,48.436 10.7418,48.4363 10.7409,48.4366 10.7424,48.437 10.7433,48.4376 10.7449,48.4376 10.7519,48.4391 10.7508,48.44 10.7484,48.4416 10.7483,48.4422 10.7501,48.4432 10.7518,48.4445 10.7529,48.445 10.7544,48.4454 10.7563,48.4458 10.7602,48.4467 10.7624,48.4472 10.7633,48.4475 10.764,48.4479 10.7645,48.4483 10.7648,48.4489 10.7646,48.4505 10.7682,48.4506 10.7696,48.45 10.772,48.4497 10.7737,48.4495 10.7732,48.4492 10.7734,48.4482 10.7746,48.4483 10.7767,48.4486 10.7799,48.448 10.7836,48.448 10.7921,48.4458 10.7912,48.4448 10.7901,48.4436 10.7898,48.4426 10.7894,48.4433 10.7869,48.4423 10.7872,48.4417 10.7854,48.441 10.7859,48.4403 10.788,48.4401 10.788,48.4396 10.7897,48.4397 10.7911,48.4398 10.7957,48.4395 10.7979,48.4392 10.7983,48.4386 10.7978,48.437 10.7964,48.4363 10.7961,48.4357 10.7972,48.4343 10.7957,48.4346 10.7951,48.4335 10.7969,48.4326 10.7984,48.4331 10.8004,48.432 10.8,48.4327 10.8012,48.4345 10.8027,48.4341 10.8029,48.4349 10.8043,48.4351 10.8063,48.4355 10.8084,48.4358 10.8095,48.4363 10.813,48.4372 10.8145,48.4369 10.8142,48.4376 10.8167,48.4371 10.8184,48.4379 10.8189,48.4388 10.8196,48.4404 10.822,48.4406 10.8218,48.4413 10.8217,48.4419 10.8219,48.4426 10.8235,48.4426 10.8249,48.444 10.8266,48.4439 10.829,48.4437 10.828,48.4423 10.8266,48.4394 10.8269,48.4387 10.8291,48.4383 10.8286,48.437 10.8301,48.437 10.8304,48.4343 10.8318,48.4343 10.8339,48.4348 10.8356,48.4352 10.8378,48.435 10.8404,48.4349 10.8395,48.4357 10.8386,48.4359 10.8381,48.4363 10.8408,48.437 10.843,48.4371 10.8437,48.4369 10.8467,48.437 10.8462,48.4379 10.8539,48.438 10.8527,48.4419 10.8553,48.4419 10.855,48.4428 10.8571,48.4428 10.8566,48.4449 10.8564,48.446 10.8573,48.4457 10.8579,48.4453 10.8621,48.4423 10.8619,48.4437 10.8614,48.4466 10.8652,48.4467 10.8655,48.4478 10.8665,48.4494 10.8669,48.4525 10.8674,48.454 10.8683,48.455 10.8688,48.4556 10.8701,48.4557 10.8727,48.4559 10.8739,48.4566 10.875,48.4575 10.8757,48.4581 10.8765,48.4595 10.8787,48.4601 10.8834,48.4612 10.884,48.4589 10.8841,48.4584"],
			"geocode": [{
				"valueName": "Augsburg",
				"value": "097720000000"
			}]
		}]
	}]
}]